Exact Comparision of Average Case
120
1 0
4 6
9 24
16 56
25 105
36 222
49 278
64 374
81 596
100 759
121 934
144 1121
169 1406
196 1525
225 1937
256 2120
289 2701
324 2829
361 3770
400 4017
441 4311
484 4838
529 5382
576 5990
625 7188
676 7902
729 8041
784 8607
841 8874
900 10101
961 11637
1024 11835
1089 12673
1156 12953
1225 15948
1296 14817
1369 15534
1444 17758
1521 17900
1600 19285
1681 20411
1764 22413
1849 21777
1936 28371
2025 26407
2116 29134
2209 27700
2304 29448
2401 32334
2500 32827
2601 35804
2704 38208
2809 36378
2916 40274
3025 43068
3136 43121
3249 42353
3364 48929
3481 47210
3600 49336
3721 53408
3844 53616
3969 55415
4096 63461
4225 59707
4356 65054
4489 59441
4624 67875
4761 66732
4900 71003
5041 74511
5184 72635
5329 88600
5476 81755
5625 80639
5776 83855
5929 87848
6084 92105
6241 100119
6400 105690
6561 102175
6724 99111
6889 103873
7056 109016
7225 116273
7396 115965
7569 120114
7744 117459
7921 119115
8100 129142
8281 128611
8464 135330
8649 136215
8836 138327
9025 141694
9216 140210
9409 154331
9604 158702
9801 162441
10000 162841
10201 170769
10404 171251
10609 171454
10816 178571
11025 195208
11236 194334
11449 183515
11664 199977
11881 219968
12100 194650
12321 214764
12544 207483
12769 207039
12996 227264
13225 216345
13456 229980
13689 219398
13924 230741
14161 252566
14400 241938
120
1 1
4 12
9 45
16 111
25 206
36 330
49 493
64 697
81 929
100 1224
121 1551
144 1908
169 2320
196 2777
225 3270
256 3817
289 4424
324 5065
361 5794
400 6508
441 7289
484 8156
529 8937
576 9956
625 10969
676 12054
729 13088
784 14255
841 15489
900 16703
961 18028
1024 19403
1089 20773
1156 22264
1225 23842
1296 25433
1369 27211
1444 28847
1521 30625
1600 32352
1681 34272
1764 36144
1849 38213
1936 40188
2025 42328
2116 44430
2209 46680
2304 48960
2401 51435
2500 53915
2601 56340
2704 58834
2809 61370
2916 64015
3025 66881
3136 69626
3249 72520
3364 75385
3481 78254
3600 81344
3721 84249
3844 87495
3969 90620
4096 93849
4225 97390
4356 100603
4489 104179
4624 107615
4761 111249
4900 115150
5041 118636
5184 122627
5329 126400
5476 130347
5625 134433
5776 138516
5929 142638
6084 146830
6241 150928
6400 155388
6561 159548
6724 164048
6889 168454
7056 173170
7225 177679
7396 182448
7569 186853
7744 191760
7921 196621
8100 201557
8281 206672
8464 211647
8649 216894
8836 222243
9025 227647
9216 233108
9409 238498
9604 244164
9801 249819
10000 255561
10201 261176
10404 267077
10609 272568
10816 278717
11025 284923
11236 290832
11449 297186
11664 303381
11881 309450
12100 315775
12321 322288
12544 328656
12769 335226
12996 341823
13225 348578
13456 355120
13689 361977
13924 368875
14161 375810
14400 382560
