Best Case Exact Comparision
120
1 2
4 9
9 28
16 56
25 104
36 165
49 242
64 335
81 456
100 590
121 738
144 917
169 1120
196 1337
225 1570
256 1820
289 2117
324 2434
361 2774
400 3131
441 3498
484 3885
529 4308
576 4781
625 5269
676 5789
729 6327
784 6884
841 7457
900 8045
961 8657
1024 9287
1089 10002
1156 10740
1225 11498
1296 12284
1369 13101
1444 13941
1521 14804
1600 15674
1681 16566
1764 17479
1849 18414
1936 19371
2025 20349
2116 21419
2209 22537
2304 23677
2401 24839
2500 26027
2601 27248
2704 28507
2809 29788
2916 31091
3025 32421
3136 33761
3249 35120
3364 36500
3481 37901
3600 39330
3721 40781
3844 42260
3969 43760
4096 45284
4225 46963
4356 48664
4489 50393
4624 52148
4761 53929
4900 55738
5041 57569
5184 59442
5329 61356
5476 63296
5625 65265
5776 67256
5929 69276
6084 71322
6241 73374
6400 75443
6561 77534
6724 79653
6889 81798
7056 83969
7225 86168
7396 88389
7569 90638
7744 92913
7921 95214
8100 97543
8281 99987
8464 102546
8649 105136
8836 107757
9025 110401
9216 113077
9409 115776
9604 118506
9801 121267
10000 124051
10201 126867
10404 129740
10609 132651
10816 135593
11025 138559
11236 141557
11449 144579
11664 147632
11881 150716
12100 153824
12321 156957
12544 160076
12769 163226
12996 166407
13225 169611
13456 172847
13689 176106
13924 179396
14161 182717
14400 186061
120
1 1
4 14
9 68
16 197
25 454
36 875
49 1451
64 2510
81 3790
100 5550
121 8020
144 11271
169 15012
196 20403
225 26284
256 34257
289 42139
324 52507
361 65448
400 79516
441 95858
484 114739
529 134945
576 160898
625 189664
676 222274
729 254895
784 297151
841 336134
900 388933
961 438013
1024 499650
1089 563216
1156 629686
1225 719002
1296 788400
1369 898269
1444 982167
1521 1110949
1600 1204531
1681 1348180
1764 1472366
1849 1623591
1936 1748536
2025 1936789
2116 2124169
2209 2305730
2304 2503061
2401 2706145
2500 2999981
2601 3140020
2704 3456312
2809 3659950
2916 4093834
3025 4248323
3136 4670376
3249 4902977
3364 5421527
3481 5627815
3600 6125163
3721 6456637
3844 7055300
3969 7366929
4096 7899645
4225 8347975
4356 8969537
4489 9443120
4624 9980834
4761 10621554
4900 11227966
5041 11934884
5184 12483333
5329 13332677
5476 13897188
5625 14841238
5776 15393387
5929 16453674
6084 17068465
6241 18233717
6400 18951515
6561 20115971
6724 20804922
6889 22090565
7056 23065053
7225 24257977
7396 25194980
7569 26576537
7744 27897052
7921 28973437
8100 30268206
8281 31760610
8464 33343920
8649 34659400
8836 36155362
9025 37656612
9216 39771686
9409 40855907
9604 42835801
9801 44534764
10000 46853497
10201 48314642
10404 50259783
10609 51946545
10816 54798343
11025 56013357
11236 58587249
11449 60806921
11664 63545351
11881 65442814
12100 67849627
12321 70169982
12544 73537464
12769 75460761
12996 78204237
13225 81247096
13456 84178465
13689 87363896
13924 89482099
14161 93150023
14400 96249006
