Exact Comparision of HeapSort
120
1 1
4 12
9 45
16 111
25 206
36 330
49 493
64 697
81 929
100 1224
121 1551
144 1908
169 2320
196 2777
225 3270
256 3817
289 4424
324 5065
361 5794
400 6508
441 7289
484 8156
529 8937
576 9956
625 10969
676 12054
729 13088
784 14255
841 15489
900 16703
961 18028
1024 19403
1089 20773
1156 22264
1225 23842
1296 25433
1369 27211
1444 28847
1521 30625
1600 32352
1681 34272
1764 36144
1849 38213
1936 40188
2025 42328
2116 44430
2209 46680
2304 48960
2401 51435
2500 53915
2601 56340
2704 58834
2809 61370
2916 64015
3025 66881
3136 69626
3249 72520
3364 75385
3481 78254
3600 81344
3721 84249
3844 87495
3969 90620
4096 93849
4225 97390
4356 100603
4489 104179
4624 107615
4761 111249
4900 115150
5041 118636
5184 122627
5329 126400
5476 130347
5625 134433
5776 138516
5929 142638
6084 146830
6241 150928
6400 155388
6561 159548
6724 164048
6889 168454
7056 173170
7225 177679
7396 182448
7569 186853
7744 191760
7921 196621
8100 201557
8281 206672
8464 211647
8649 216894
8836 222243
9025 227647
9216 233108
9409 238498
9604 244164
9801 249819
10000 255561
10201 261176
10404 267077
10609 272568
10816 278717
11025 284923
11236 290832
11449 297186
11664 303381
11881 309450
12100 315775
12321 322288
12544 328656
12769 335226
12996 341823
13225 348578
13456 355120
13689 361977
13924 368875
14161 375810
14400 382560
120
1 1
4 10
9 41
16 97
25 186
36 304
49 448
64 648
81 871
100 1126
121 1437
144 1781
169 2167
196 2595
225 3095
256 3607
289 4160
324 4783
361 5432
400 6169
441 6883
484 7704
529 8516
576 9437
625 10382
676 11397
729 12416
784 13543
841 14698
900 15932
961 17125
1024 18494
1089 19812
1156 21286
1225 22727
1296 24250
1369 25858
1444 27489
1521 29198
1600 30956
1681 32787
1764 34672
1849 36572
1936 38473
2025 40538
2116 42611
2209 44831
2304 46989
2401 49342
2500 51634
2601 54036
2704 56415
2809 58954
2916 61470
3025 64173
3136 66740
3249 69646
3364 72388
3481 75342
3600 78213
3721 81210
3844 84288
3969 87378
4096 90356
4225 93701
4356 97093
4489 100320
4624 103745
4761 107140
4900 110876
5041 114285
5184 118170
5329 121694
5476 125628
5625 129255
5776 133351
5929 137083
6084 141356
6241 145224
6400 149770
6561 153755
6724 158263
6889 162394
7056 167156
7225 171394
7396 175971
7569 180486
7744 185563
7921 189777
8100 194664
8281 199486
8464 204778
8649 209569
8836 214610
9025 219892
9216 225329
9409 230468
9604 235665
9801 241257
10000 246706
10201 252229
10404 257510
10609 263542
10816 269202
11025 275050
11236 280548
11449 286898
11664 292615
11881 298875
12100 304544
12321 311127
12544 317354
12769 323997
12996 330059
13225 337061
13456 343332
13689 350350
13924 356636
14161 363740
14400 370392
120
1 1
4 12
9 48
16 112
25 212
36 346
49 520
64 724
81 988
100 1282
121 1609
144 2002
169 2437
196 2916
225 3426
256 3972
289 4620
324 5313
361 6040
400 6816
441 7615
484 8466
529 9386
576 10411
625 11457
676 12580
729 13744
784 14935
841 16168
900 17462
961 18736
1024 20155
1089 21682
1156 23277
1225 24911
1296 26601
1369 28329
1444 30107
1521 31935
1600 33800
1681 35721
1764 37694
1849 39691
1936 41764
2025 43866
2116 46163
2209 48561
2304 51012
2401 53507
2500 56053
2601 58649
2704 61314
2809 64010
2916 66761
3025 69564
3136 72430
3249 75338
3364 78303
3481 81316
3600 84378
3721 87499
3844 90667
3969 93876
4096 97138
4225 100707
4356 104351
4489 108050
4624 111788
4761 115589
4900 119444
5041 123358
5184 127325
5329 131321
5476 135418
5625 139552
5776 143745
5929 147988
6084 152290
6241 156635
6400 161041
6561 165514
6724 170049
6889 174623
7056 179247
7225 183941
7396 188681
7569 193487
7744 198350
7921 203256
8100 208215
8281 213406
8464 218845
8649 224336
8836 229897
9025 235525
9216 241195
9409 246929
9604 252730
9801 258590
10000 264514
10201 270487
10404 276522
10609 282609
10816 288766
11025 294979
11236 301253
11449 307584
11664 313985
11881 320427
12100 326940
12321 333502
12544 340131
12769 346814
12996 353570
13225 360389
13456 367234
13689 374174
13924 381148
14161 388214
14400 395323
