Exact Analysis of QuickSort
120
1 0
4 6
9 24
16 56
25 105
36 222
49 278
64 374
81 596
100 759
121 934
144 1121
169 1406
196 1525
225 1937
256 2120
289 2701
324 2829
361 3770
400 4017
441 4311
484 4838
529 5382
576 5990
625 7188
676 7902
729 8041
784 8607
841 8874
900 10101
961 11637
1024 11835
1089 12673
1156 12953
1225 15948
1296 14817
1369 15534
1444 17758
1521 17900
1600 19285
1681 20411
1764 22413
1849 21777
1936 28371
2025 26407
2116 29134
2209 27700
2304 29448
2401 32334
2500 32827
2601 35804
2704 38208
2809 36378
2916 40274
3025 43068
3136 43121
3249 42353
3364 48929
3481 47210
3600 49336
3721 53408
3844 53616
3969 55415
4096 63461
4225 59707
4356 65054
4489 59441
4624 67875
4761 66732
4900 71003
5041 74511
5184 72635
5329 88600
5476 81755
5625 80639
5776 83855
5929 87848
6084 92105
6241 100119
6400 105690
6561 102175
6724 99111
6889 103873
7056 109016
7225 116273
7396 115965
7569 120114
7744 117459
7921 119115
8100 129142
8281 128611
8464 135330
8649 136215
8836 138327
9025 141694
9216 140210
9409 154331
9604 158702
9801 162441
10000 162841
10201 170769
10404 171251
10609 171454
10816 178571
11025 195208
11236 194334
11449 183515
11664 199977
11881 219968
12100 194650
12321 214764
12544 207483
12769 207039
12996 227264
13225 216345
13456 229980
13689 219398
13924 230741
14161 252566
14400 241938
120
1 0
4 6
9 24
16 56
25 105
36 222
49 278
64 374
81 596
100 759
121 934
144 1121
169 1406
196 1525
225 1937
256 2120
289 2701
324 2829
361 3770
400 4017
441 4311
484 4838
529 5382
576 5990
625 7188
676 7902
729 8041
784 8607
841 8874
900 10101
961 11637
1024 11835
1089 12673
1156 12953
1225 15948
1296 14817
1369 15534
1444 17758
1521 17900
1600 19285
1681 20411
1764 22413
1849 21777
1936 28371
2025 26407
2116 29134
2209 27700
2304 29448
2401 32334
2500 32827
2601 35804
2704 38208
2809 36378
2916 40274
3025 43068
3136 43121
3249 42353
3364 48929
3481 47210
3600 49336
3721 53408
3844 53616
3969 55415
4096 63461
4225 59707
4356 65054
4489 59441
4624 67875
4761 66732
4900 71003
5041 74511
5184 72635
5329 88600
5476 81755
5625 80639
5776 83855
5929 87848
6084 92105
6241 100119
6400 105690
6561 102175
6724 99111
6889 103873
7056 109016
7225 116273
7396 115965
7569 120114
7744 117459
7921 119115
8100 129142
8281 128611
8464 135330
8649 136215
8836 138327
9025 141694
9216 140210
9409 154331
9604 158702
9801 162441
10000 162841
10201 170769
10404 171251
10609 171454
10816 178571
11025 195208
11236 194334
11449 183515
11664 199977
11881 219968
12100 194650
12321 214764
12544 207483
12769 207039
12996 227264
13225 216345
13456 229980
13689 219398
13924 230741
14161 252566
14400 241938
120
1 0
4 9
9 44
16 135
25 324
36 665
49 1224
64 2079
81 3320
100 5049
121 7380
144 10439
169 14364
196 19305
225 25424
256 32895
289 41904
324 52649
361 65340
400 80199
441 97460
484 117369
529 140184
576 166175
625 195624
676 228825
729 266084
784 307719
841 354060
900 405449
961 462240
1024 524799
1089 593504
1156 668745
1225 750924
1296 840455
1369 937764
1444 1043289
1521 1157480
1600 1280799
1681 1413720
1764 1556729
1849 1710324
1936 1875015
2025 2051324
2116 2239785
2209 2440944
2304 2655359
2401 2883600
2500 3126249
2601 3383900
2704 3657159
2809 3946644
2916 4252985
3025 4576824
3136 4918815
3249 5279624
3364 5659929
3481 6060420
3600 6481799
3721 6924780
3844 7390089
3969 7878464
4096 8390655
4225 8927424
4356 9489545
4489 10077804
4624 10692999
4761 11335940
4900 12007449
5041 12708360
5184 13439519
5329 14201784
5476 14996025
5625 15823124
5776 16683975
5929 17579484
6084 18510569
6241 19478160
6400 20483199
6561 21526640
6724 22609449
6889 23732604
7056 24897095
7225 26103924
7396 27354105
7569 28648664
7744 29988639
7921 31375080
8100 32809049
8281 34291620
8464 35823879
8649 37406924
8836 39041865
9025 40729824
9216 42471935
9409 44269344
9604 46123209
9801 48034700
10000 50004999
10201 52035300
10404 54126809
10609 56280744
10816 58498335
11025 60780824
11236 63129465
11449 65545524
11664 68030279
11881 70585020
12100 73211049
12321 75909680
12544 78682239
12769 81530064
12996 84454505
13225 87456924
13456 90538695
13689 93701204
13924 96945849
14161 100274040
14400 103687199
