Exact Worst Case Analysis
120
1 0
4 9
9 44
16 135
25 324
36 665
49 1224
64 2079
81 3320
100 5049
121 7380
144 10439
169 14364
196 19305
225 25424
256 32895
289 41904
324 52649
361 65340
400 80199
441 97460
484 117369
529 140184
576 166175
625 195624
676 228825
729 266084
784 307719
841 354060
900 405449
961 462240
1024 524799
1089 593504
1156 668745
1225 750924
1296 840455
1369 937764
1444 1043289
1521 1157480
1600 1280799
1681 1413720
1764 1556729
1849 1710324
1936 1875015
2025 2051324
2116 2239785
2209 2440944
2304 2655359
2401 2883600
2500 3126249
2601 3383900
2704 3657159
2809 3946644
2916 4252985
3025 4576824
3136 4918815
3249 5279624
3364 5659929
3481 6060420
3600 6481799
3721 6924780
3844 7390089
3969 7878464
4096 8390655
4225 8927424
4356 9489545
4489 10077804
4624 10692999
4761 11335940
4900 12007449
5041 12708360
5184 13439519
5329 14201784
5476 14996025
5625 15823124
5776 16683975
5929 17579484
6084 18510569
6241 19478160
6400 20483199
6561 21526640
6724 22609449
6889 23732604
7056 24897095
7225 26103924
7396 27354105
7569 28648664
7744 29988639
7921 31375080
8100 32809049
8281 34291620
8464 35823879
8649 37406924
8836 39041865
9025 40729824
9216 42471935
9409 44269344
9604 46123209
9801 48034700
10000 50004999
10201 52035300
10404 54126809
10609 56280744
10816 58498335
11025 60780824
11236 63129465
11449 65545524
11664 68030279
11881 70585020
12100 73211049
12321 75909680
12544 78682239
12769 81530064
12996 84454505
13225 87456924
13456 90538695
13689 93701204
13924 96945849
14161 100274040
14400 103687199
120
1 1
4 12
9 48
16 112
25 212
36 346
49 520
64 724
81 988
100 1282
121 1609
144 2002
169 2437
196 2916
225 3426
256 3972
289 4620
324 5313
361 6040
400 6816
441 7615
484 8466
529 9386
576 10411
625 11457
676 12580
729 13744
784 14935
841 16168
900 17462
961 18736
1024 20155
1089 21682
1156 23277
1225 24911
1296 26601
1369 28329
1444 30107
1521 31935
1600 33800
1681 35721
1764 37694
1849 39691
1936 41764
2025 43866
2116 46163
2209 48561
2304 51012
2401 53507
2500 56053
2601 58649
2704 61314
2809 64010
2916 66761
3025 69564
3136 72430
3249 75338
3364 78303
3481 81316
3600 84378
3721 87499
3844 90667
3969 93876
4096 97138
4225 100707
4356 104351
4489 108050
4624 111788
4761 115589
4900 119444
5041 123358
5184 127325
5329 131321
5476 135418
5625 139552
5776 143745
5929 147988
6084 152290
6241 156635
6400 161041
6561 165514
6724 170049
6889 174623
7056 179247
7225 183941
7396 188681
7569 193487
7744 198350
7921 203256
8100 208215
8281 213406
8464 218845
8649 224336
8836 229897
9025 235525
9216 241195
9409 246929
9604 252730
9801 258590
10000 264514
10201 270487
10404 276522
10609 282609
10816 288766
11025 294979
11236 301253
11449 307584
11664 313985
11881 320427
12100 326940
12321 333502
12544 340131
12769 346814
12996 353570
13225 360389
13456 367234
13689 374174
13924 381148
14161 388214
14400 395323
