Exact vs Asymptotic (HeapSort Best Case)
120
1 1
4 10
9 41
16 97
25 186
36 304
49 448
64 648
81 871
100 1126
121 1437
144 1781
169 2167
196 2595
225 3095
256 3607
289 4160
324 4783
361 5432
400 6169
441 6883
484 7704
529 8516
576 9437
625 10382
676 11397
729 12416
784 13543
841 14698
900 15932
961 17125
1024 18494
1089 19812
1156 21286
1225 22727
1296 24250
1369 25858
1444 27489
1521 29198
1600 30956
1681 32787
1764 34672
1849 36572
1936 38473
2025 40538
2116 42611
2209 44831
2304 46989
2401 49342
2500 51634
2601 54036
2704 56415
2809 58954
2916 61470
3025 64173
3136 66740
3249 69646
3364 72388
3481 75342
3600 78213
3721 81210
3844 84288
3969 87378
4096 90356
4225 93701
4356 97093
4489 100320
4624 103745
4761 107140
4900 110876
5041 114285
5184 118170
5329 121694
5476 125628
5625 129255
5776 133351
5929 137083
6084 141356
6241 145224
6400 149770
6561 153755
6724 158263
6889 162394
7056 167156
7225 171394
7396 175971
7569 180486
7744 185563
7921 189777
8100 194664
8281 199486
8464 204778
8649 209569
8836 214610
9025 219892
9216 225329
9409 230468
9604 235665
9801 241257
10000 246706
10201 252229
10404 257510
10609 263542
10816 269202
11025 275050
11236 280548
11449 286898
11664 292615
11881 298875
12100 304544
12321 311127
12544 317354
12769 323997
12996 330059
13225 337061
13456 343332
13689 350350
13924 356636
14161 363740
14400 370392
