Exact vs Asymptotic (QuickSort Best Case)
120
1 0
4 6
9 27
16 54
25 103
36 161
49 239
64 329
81 453
100 589
121 735
144 912
169 1115
196 1334
225 1567
256 1814
289 2109
324 2430
361 2769
400 3122
441 3493
484 3882
529 4301
576 4773
625 5261
676 5781
729 6319
784 6877
841 7449
900 8038
961 8649
1024 9277
1089 9997
1156 10729
1225 11487
1296 12273
1369 13095
1444 13930
1521 14797
1600 15669
1681 16559
1764 17468
1849 18409
1936 19361
2025 20339
2116 21411
2209 22529
2304 23668
2401 24829
2500 26019
2601 27237
2704 28497
2809 29779
2916 31083
3025 32413
3136 33754
3249 35111
3364 36491
3481 37891
3600 39321
3721 40771
3844 42251
3969 43751
4096 45274
4225 46953
4356 48654
4489 50381
4624 52141
4761 53921
4900 55726
5041 57561
5184 59434
5329 61343
5476 63286
5625 65255
5776 67246
5929 69263
6084 71314
6241 73365
6400 75430
6561 77525
6724 79646
6889 81785
7056 83960
7225 86159
7396 88380
7569 90625
7744 92906
7921 95205
8100 97530
8281 99975
8464 102536
8649 105125
8836 107745
9025 110389
9216 113065
9409 115765
9604 118496
9801 121255
10000 124040
10201 126855
10404 129729
10609 132639
10816 135581
11025 138547
11236 141545
11449 144567
11664 147621
11881 150703
12100 153812
12321 156945
12544 160065
12769 163215
12996 166395
13225 169599
13456 172835
13689 176095
13924 179385
14161 182705
14400 186050
