Exact vs Asymptotic (QuickSort Worst Case)
120
1 0
4 9
9 44
16 135
25 324
36 665
49 1224
64 2079
81 3320
100 5049
121 7380
144 10439
169 14364
196 19305
225 25424
256 32895
289 41904
324 52649
361 65340
400 80199
441 97460
484 117369
529 140184
576 166175
625 195624
676 228825
729 266084
784 307719
841 354060
900 405449
961 462240
1024 524799
1089 593504
1156 668745
1225 750924
1296 840455
1369 937764
1444 1043289
1521 1157480
1600 1280799
1681 1413720
1764 1556729
1849 1710324
1936 1875015
2025 2051324
2116 2239785
2209 2440944
2304 2655359
2401 2883600
2500 3126249
2601 3383900
2704 3657159
2809 3946644
2916 4252985
3025 4576824
3136 4918815
3249 5279624
3364 5659929
3481 6060420
3600 6481799
3721 6924780
3844 7390089
3969 7878464
4096 8390655
4225 8927424
4356 9489545
4489 10077804
4624 10692999
4761 11335940
4900 12007449
5041 12708360
5184 13439519
5329 14201784
5476 14996025
5625 15823124
5776 16683975
5929 17579484
6084 18510569
6241 19478160
6400 20483199
6561 21526640
6724 22609449
6889 23732604
7056 24897095
7225 26103924
7396 27354105
7569 28648664
7744 29988639
7921 31375080
8100 32809049
8281 34291620
8464 35823879
8649 37406924
8836 39041865
9025 40729824
9216 42471935
9409 44269344
9604 46123209
9801 48034700
10000 50004999
10201 52035300
10404 54126809
10609 56280744
10816 58498335
11025 60780824
11236 63129465
11449 65545524
11664 68030279
11881 70585020
12100 73211049
12321 75909680
12544 78682239
12769 81530064
12996 84454505
13225 87456924
13456 90538695
13689 93701204
13924 96945849
14161 100274040
14400 103687199
