120
1 1
4 12
9 45
16 111
25 206
36 330
49 493
64 697
81 929
100 1224
121 1551
144 1908
169 2320
196 2777
225 3270
256 3817
289 4424
324 5065
361 5794
400 6508
441 7289
484 8156
529 8937
576 9956
625 10969
676 12054
729 13088
784 14255
841 15489
900 16703
961 18028
1024 19403
1089 20773
1156 22264
1225 23842
1296 25433
1369 27211
1444 28847
1521 30625
1600 32352
1681 34272
1764 36144
1849 38213
1936 40188
2025 42328
2116 44430
2209 46680
2304 48960
2401 51435
2500 53915
2601 56340
2704 58834
2809 61370
2916 64015
3025 66881
3136 69626
3249 72520
3364 75385
3481 78254
3600 81344
3721 84249
3844 87495
3969 90620
4096 93849
4225 97390
4356 100603
4489 104179
4624 107615
4761 111249
4900 115150
5041 118636
5184 122627
5329 126400
5476 130347
5625 134433
5776 138516
5929 142638
6084 146830
6241 150928
6400 155388
6561 159548
6724 164048
6889 168454
7056 173170
7225 177679
7396 182448
7569 186853
7744 191760
7921 196621
8100 201557
8281 206672
8464 211647
8649 216894
8836 222243
9025 227647
9216 233108
9409 238498
9604 244164
9801 249819
10000 255561
10201 261176
10404 267077
10609 272568
10816 278717
11025 284923
11236 290832
11449 297186
11664 303381
11881 309450
12100 315775
12321 322288
12544 328656
12769 335226
12996 341823
13225 348578
13456 355120
13689 361977
13924 368875
14161 375810
14400 382560
