120
1 1
4 12
9 48
16 112
25 212
36 346
49 520
64 724
81 988
100 1282
121 1609
144 2002
169 2437
196 2916
225 3426
256 3972
289 4620
324 5313
361 6040
400 6816
441 7615
484 8466
529 9386
576 10411
625 11457
676 12580
729 13744
784 14935
841 16168
900 17462
961 18736
1024 20155
1089 21682
1156 23277
1225 24911
1296 26601
1369 28329
1444 30107
1521 31935
1600 33800
1681 35721
1764 37694
1849 39691
1936 41764
2025 43866
2116 46163
2209 48561
2304 51012
2401 53507
2500 56053
2601 58649
2704 61314
2809 64010
2916 66761
3025 69564
3136 72430
3249 75338
3364 78303
3481 81316
3600 84378
3721 87499
3844 90667
3969 93876
4096 97138
4225 100707
4356 104351
4489 108050
4624 111788
4761 115589
4900 119444
5041 123358
5184 127325
5329 131321
5476 135418
5625 139552
5776 143745
5929 147988
6084 152290
6241 156635
6400 161041
6561 165514
6724 170049
6889 174623
7056 179247
7225 183941
7396 188681
7569 193487
7744 198350
7921 203256
8100 208215
8281 213406
8464 218845
8649 224336
8836 229897
9025 235525
9216 241195
9409 246929
9604 252730
9801 258590
10000 264514
10201 270487
10404 276522
10609 282609
10816 288766
11025 294979
11236 301253
11449 307584
11664 313985
11881 320427
12100 326940
12321 333502
12544 340131
12769 346814
12996 353570
13225 360389
13456 367234
13689 374174
13924 381148
14161 388214
14400 395323
