1 1
4 18
9 93
16 268
25 612
36 1144
49 1889
64 3179
81 5081
100 7788
121 10150
144 15019
169 19915
196 27161
225 35150
256 44817
289 56379
324 69435
361 85422
400 104752
441 128879
484 156155
529 184735
576 219086
625 248952
676 296961
729 347018
784 389698
841 456143
900 518928
961 589765
1024 672886
1089 754024
1156 859469
1225 945084
1296 1071584
1369 1185059
1444 1320157
1521 1443615
1600 1636124
1681 1787226
1764 1959605
1849 2137736
1936 2356350
2025 2593518
2116 2781842
2209 3062653
2304 3341985
2401 3609820
2500 3948900
2601 4179437
2704 4549079
2809 4931165
2916 5347488
3025 5734073
3136 6098065
3249 6563172
3364 7047753
3481 7548359
3600 8100348
3721 8665488
3844 9244458
3969 9811174
4096 10480011
4225 11118030
4356 11838549
4489 12492777
4624 13331264
4761 14102477
4900 15016711
5041 15750882
5184 16621437
5329 17749658
5476 18606109
5625 19745225
5776 20728009
5929 21987202
6084 22899614
6241 24188465
6400 25632113
6561 26816710
6724 28088715
6889 29705843
7056 30922053
7225 32409777
7396 34085789
7569 35837093
7744 37294023
7921 39444355
8100 40867441
8281 42720341
8464 44894708
8649 46502324
8836 48333864
9025 50638664
9216 52479852
9409 54860569
9604 57401919
9801 59492858
10000 61936450
10201 64687600
10404 67419904
10609 69573524
10816 72748343
11025 75603342
11236 78426158
11449 81897938
11664 84539066
11881 87481931
12100 90892083
12321 94403221
12544 97622451
12769 100985914
12996 104476308
13225 108553189
13456 112302357
13689 116254225
13924 120159615
14161 125372862
14400 128947875
14641 133585573
14884 137479914
15129 142385697
15376 146885956
15625 151783508
15876 156843274
16129 161715365
16384 166539264
16641 172201966
16900 177223631
17161 183150964
17424 188099391
17689 194717328
17956 199346877
18225 205989988
18496 213111205
18769 219117205
19044 225015150
19321 232797186
19600 238022737
19881 246122819
20164 252140139
20449 259800417
20736 265744807
21025 275259864
21316 281802852
21609 289306123
21904 296849570
22201 306600821
22500 313924880
22801 322281617
23104 331544122
23409 340171208
23716 348499657
24025 358515475
24336 368727960
24649 378394609
24964 386947425
25281 395909092
25600 406755943
25921 417359128
26244 426156362
26569 437929147
26896 446862191
27225 459213646
27556 469888772
27889 481907022
28224 494197819
28561 504761391
28900 517444934
29241 530056188
29584 543701193
29929 556189363
30276 569605858
30625 580938992
30976 594079879
31329 609519737
31684 624444376
32041 636485098
32400 650460050
32761 663298537
33124 680573950
33489 693879138
33856 710144424
34225 727685438
34596 739275277
34969 759660467
35344 775828096
35721 794943121
36100 804796867
36481 825580033
36864 843126048
37249 862996387
37636 874585689
38025 894210158
38416 912739033
38809 933333831
39204 951129541
39601 970679096
40000 991199762
40401 1011181535
40804 1029666960
41209 1051352304
41616 1071937283
42025 1098975626
42436 1114980894
42849 1135741639
43264 1161021687
43681 1184252266
44100 1207979554
44521 1230502173
44944 1250793958
45369 1274606706
45796 1299948729
46225 1323570413
46656 1350271073
47089 1374263243
47524 1402080242
47961 1425666914
48400 1450158915
48841 1479095055
49284 1506058862
49729 1532494154
50176 1563399009
50625 1586517930
51076 1616089484
51529 1643827525
51984 1674043895
52441 1702161992
52900 1728808030
53361 1761908129
53824 1794623636
54289 1825849249
54756 1858087439
55225 1889848612
55696 1925849033
56169 1953018023
56644 1987836682
57121 2019258500
57600 2057028177
58081 2090481572
58564 2122337869
59049 -2136319047
59536 -2100629165
60025 -2064483215
60516 -2024506366
61009 -1996069082
61504 -1947538873
62001 -1912875290
62500 -1873403199
63001 -1833739564
63504 -1797977896
64009 -1755285381
64516 -1718285360
65025 -1676851179
65536 -1632327661
66049 -1587596403
66564 -1548949261
67081 -1506961357
67600 -1466804485
68121 -1424096578
68644 -1369731761
69169 -1330323523
69696 -1287306009
70225 -1243506521
70756 -1190112137
71289 -1147710840
71824 -1095501876
72361 -1052717497
72900 -993434652
73441 -956276374
73984 -905811068
74529 -850753202
75076 -809075010
75625 -749465627
76176 -701778716
76729 -653774046
77284 -597667522
77841 -542151900
78400 -482093092
78961 -427231143
79524 -376158418
80089 -319398533
80656 -265718740
81225 -210277051
81796 -149429338
82369 -92512000
82944 -33688256
83521 19276250
84100 86569530
84681 144746526
85264 205969529
85849 272761697
86436 340171586
87025 390593848
87616 450758069
88209 520750893
88804 590474539
89401 646097321
90000 718170110
90601 778504539
91204 855731408
91809 931597257
92416 988643136
93025 1061036750
93636 1137817645
94249 1207946245
94864 1285899085
95481 1360523878
96100 1424536056
96721 1506861945
97344 1574477771
97969 1652039841
98596 1724864816
99225 1799792713
99856 1884632669
100489 1956733781
101124 2040451418
101761 2120181806
