120
1 0
4 6
9 24
16 56
25 105
36 222
49 278
64 374
81 596
100 759
121 934
144 1121
169 1406
196 1525
225 1937
256 2120
289 2701
324 2829
361 3770
400 4017
441 4311
484 4838
529 5382
576 5990
625 7188
676 7902
729 8041
784 8607
841 8874
900 10101
961 11637
1024 11835
1089 12673
1156 12953
1225 15948
1296 14817
1369 15534
1444 17758
1521 17900
1600 19285
1681 20411
1764 22413
1849 21777
1936 28371
2025 26407
2116 29134
2209 27700
2304 29448
2401 32334
2500 32827
2601 35804
2704 38208
2809 36378
2916 40274
3025 43068
3136 43121
3249 42353
3364 48929
3481 47210
3600 49336
3721 53408
3844 53616
3969 55415
4096 63461
4225 59707
4356 65054
4489 59441
4624 67875
4761 66732
4900 71003
5041 74511
5184 72635
5329 88600
5476 81755
5625 80639
5776 83855
5929 87848
6084 92105
6241 100119
6400 105690
6561 102175
6724 99111
6889 103873
7056 109016
7225 116273
7396 115965
7569 120114
7744 117459
7921 119115
8100 129142
8281 128611
8464 135330
8649 136215
8836 138327
9025 141694
9216 140210
9409 154331
9604 158702
9801 162441
10000 162841
10201 170769
10404 171251
10609 171454
10816 178571
11025 195208
11236 194334
11449 183515
11664 199977
11881 219968
12100 194650
12321 214764
12544 207483
12769 207039
12996 227264
13225 216345
13456 229980
13689 219398
13924 230741
14161 252566
14400 241938
