120
1 2
4 9
9 28
16 56
25 104
36 165
49 242
64 335
81 456
100 590
121 738
144 917
169 1120
196 1337
225 1570
256 1820
289 2117
324 2434
361 2774
400 3131
441 3498
484 3885
529 4308
576 4781
625 5269
676 5789
729 6327
784 6884
841 7457
900 8045
961 8657
1024 9287
1089 10002
1156 10740
1225 11498
1296 12284
1369 13101
1444 13941
1521 14804
1600 15674
1681 16566
1764 17479
1849 18414
1936 19371
2025 20349
2116 21419
2209 22537
2304 23677
2401 24839
2500 26027
2601 27248
2704 28507
2809 29788
2916 31091
3025 32421
3136 33761
3249 35120
3364 36500
3481 37901
3600 39330
3721 40781
3844 42260
3969 43760
4096 45284
4225 46963
4356 48664
4489 50393
4624 52148
4761 53929
4900 55738
5041 57569
5184 59442
5329 61356
5476 63296
5625 65265
5776 67256
5929 69276
6084 71322
6241 73374
6400 75443
6561 77534
6724 79653
6889 81798
7056 83969
7225 86168
7396 88389
7569 90638
7744 92913
7921 95214
8100 97543
8281 99987
8464 102546
8649 105136
8836 107757
9025 110401
9216 113077
9409 115776
9604 118506
9801 121267
10000 124051
10201 126867
10404 129740
10609 132651
10816 135593
11025 138559
11236 141557
11449 144579
11664 147632
11881 150716
12100 153824
12321 156957
12544 160076
12769 163226
12996 166407
13225 169611
13456 172847
13689 176106
13924 179396
14161 182717
14400 186061
